0
0
0
0
0
1
0
0
0
1
1
2
1
0
1
2
2
1
6
6
3
7
8
6
9
8
7
13
13
12
22
92
272
350
466
541
432
427
571
897
1644
2694
3466
3822
3921
4377
3444
3316
3108
2289
2326
2144
2024
2100
2112
2302
2027
1990
1952
1915
2336
2024
2044
2031
2714
2750
3118
3997
4998
5267
5330
5024
5258
4996
4935
5104
4421
3776
3833
3895
3966
3753
3719
3758
4015
4001
4386
4724
4879
4249
3888
3536
3885
3553
3479
3776
3587
3300
3320
3066
3231
4293
4623
5098
4580
4741
4790
4016
4417
3845
3803
3625
3517
3828
3790
3665
3956
3677
3458
3624
3771
3446
3606
3720
3613
3361
3851
3606
2973
2584
2054
1831
1582
1538
1269
1287
1201
1117
1017
1096
845
834
634
536
569
537
511
481
547
542
560
606
601
602
584
637
714
687
574
551
650
668
502
586
588
548
490
623
554
638
647
517
461
375
300
262
255
254
226
115
62
44
28
28
45
38
43
26
25
28
33
25
29
30
39
37
33
32
34
40
30
44
41
34
42
50
39
52
44
55
64
70
57
74
88
86
68
82
73
84
64
85
92
90
120
137
137
147
166
165
202
205
202
200
219
221
249
237
276
276
291
302
330
303
314
296
272
271
267
255
228
240
186
158
124
814
148
52
66
90
95
99
98
122
118
111
121
127
116
114
160
134
158
170
201
186
247
456
608
774
1232
1712
2836
3377
3819
4525
4583
4605
4428
3691
2735
2620
2575
2745
3126
3049
2899
2842
3063
3191
3885
4148
4515
4155
4216
4296
4178
4063
4001
4681
4606
5004
4819
5243
5195
5138
5106
5070
4627
4963
5742
6177
5819
5773
6795
6831
6981
7061
6578
5732
5302
4982
4444
4232
4220
3736
3743
3562
3792
3863
4295
5173
5153
4947
5199
5370
4650
3946
3790
3661
3580
3410
3219
3561
3088
3127
2524
1822
1416
1183
915
733
606
499
429
378
364
396
375
414
419
419
455
434
456
457
504
503
513
415
429
426
484
464
422
489
497
450
450
464
464
455
419
416
436
467
393
393
507
438
433
411
481
371
360
314
367
316
270
246
309
212
176
240
284
150
137
89
67
43
35
20
21
31
31
34
32
33
35
37
34
34
31
36
32
31
33
37
28
29
35
27
30
43
37
52
59
50
58
67
56
73
56
73
95
81
79
66
59
72
59
69
58
53
61
72
86
102
101
113
124
136
133
181
177
188
166
214
210
214
229
224
259
246
258
292
253
287
247
223
228
196
166
199
200
180
173
189
178
152
139
134
148
144
128
103
94
63
48
49
23
66
527
132
128
131
120
124
167
251
344
588
774
887
1087
1551
1647
2036
2374
2286
2482
2397
2520
2305
2017
2054
1942
2210
3009
3351
3622
3721
4009
3837
3905
3508
3151
3017
3519
3502
3806
4194
3793
4155
4313
4361
4671
5366
5444
6194
5771
6301
6855
7876
7590
7026
7483
7717
7273
6276
6685
6223
6766
5936
5508
4815
4554
4281
4480
4417
3945
4040
4187
4087
4036
4270
3394
3464
3392
3192
2826
2739
2679
2781
2718
2632
2555
2431
2374
2347
2027
2186
2373
2557
2600
2570
2365
2534
2477
2266
1908
1589
1170
809
630
542
514
432
360
360
332
344
407
399
388
410
408
400
357
365
382
405
456
405
377
442
421
452
422
427
434
438
366
388
406
366
377
425
393
423
426
386
382
410
430
368
404
407
393
324
285
364
335
357
382
431
351
284
238
264
178
116
185
180
87
120
67
59
46
36
54
54
55
55
49
50
60
47
57
48
56
34
38
48
34
51
57
47
55
52
61
50
50
41
49
61
70
78
82
84
87
90
96
129
91
136
122
139
163
178
151
187
179
210
240
206
207
212
249
237
225
202
232
235
204
184
178
167
160
180
152
165
152
146
179
140
133
112
140
128
110
111
123
111
111
111
110
134
106
125
113
120
102
73
79
52
51
250
130
31
30
48
39
45
52
97
100
152
195
266
325
403
485
550
644
710
814
896
947
1034
1108
1113
1140
1099
1168
1253
1261
1276
1239
1384
1509
1418
1433
1530
1548
1601
1597
1633
1718
1711
2039
1999
2214
2333
2428
2274
2208
2093
2227
2123
2192
2442
2734
2865
2724
2456
2373
2178
1997
1937
1864
1830
1775
1714
1586
1508
1502
1433
1467
1466
1455
1411
1363
1317
1402
1387
1473
1389
1518
1567
1562
1582
1619
1567
1642
1596
1634
1658
1652
1639
1724
1718
1814
1707
1698
1741
1659
1608
1638
1669
1719
1671
1695
1805
1780
1767
1740
1807
1741
1940
1818
1905
1871
1970
1938
1980
1906
2020
2110
2077
2079
2247
2428
2557
2645
2847
2850
3080
3154
3189
3303
3545
3715
3769
3786
3850
3710
3840
3898
4017
3784
3489
3126
2899
2972
2806
2506
2346
2577
2620
2720
2485
2233
2350
2351
2443
2237
2182
2213
2214
2325
2292
2285
2588
3004
2513
2319
2427
2504
2472
2511
2538
2405
2238
2248
2390
2164
2028
2218
1810
1659
1496
1465
1312
1104
748
585
471
341
325
335
266
275
245
237
239
212
199
210
214
159
174
214
199
199
204
194
203
199
215
213
243
223
233
230
189
189
191
200
192
176
179
156
163
146
120
128
127
109
104
98
92
106
104
109
116
126
153
144
159
178
211
282
331
370
455
514
580
611
538
574
451
423
1515
592
368
467
601
682
834
923
967
966
990
1129
1219
1259
1239
1388
1362
1480
1504
1427
1554
1481
1527
1505
1606
1406
1306
1307
1373
1238
1356
1404
1395
1379
1514
1552
1617
1699
1738
1845
2024
2147
2170
2214
2314
2190
2122
2002
2054
2218
2397
2272
2186
2058
1859
1644
1582
1516
1472
1384
1360
1322
1202
1208
1220
1166
1069
1152
1117
1106
1107
1106
1071
1027
961
987
990
958
967
917
958
856
912
930
958
919
876
1053
1126
1295
1451
1588
1598
1515
1453
1472
1551
1631
1739
1809
2022
2082
2249
2239
2176
2302
2276
2104
2010
1936
1860
1765
1711
1687
1645
1714
1683
1654
1784
1831
1770
1814
1926
1997
1994
2018
2097
2146
2162
2137
2135
2239
2319
2370
2325
2312
2734
2872
2969
2897
2866
2840
3110
3130
3189
3190
3342
3295
3408
3586
3604
3601
3619
3984
4026
3922
3876
4040
3922
3968
4035
3904
4132
4260
4306
4340
3943
3564
3188
2810
2195
1770
1539
1302
1306
1211
1256
1115
1217
1155
1012
1078
1031
930
973
928
868
815
774
774
711
693
633
657
606
573
573
525
458
438
395
379
388
315
303
305
298
323
288
253
279
246
220
166
155
177
143
138
143
143
145
146
154
147
123
145
155
158
180
195
198
220
201
190
188
202
220
267
256
261
287
295
313
317
333
342
312
319
314
366
334
338
314
204
158
103
109
4485
1595
1641
1460
1324
1198
1130
1031
1018
1035
938
910
926
918
913
902
862
855
897
943
972
1015
1071
1037
940
940
911
895
895
917
937
912
957
1008
942
1042
1091
1118
1137
1196
1270
1442
1527
1721
1687
1755
1610
1610
1566
1601
1559
1780
1627
1536
1480
1419
1401
1361
1337
1466
1459
1573
1396
1315
1235
1369
1356
1217
1180
1033
958
920
916
951
961
967
1065
1047
1121
1253
1295
1472
1414
1285
1331
1456
1368
1384
1296
1256
1156
1117
1248
1138
1093
1053
981
1002
894
866
867
843
804
832
822
886
901
795
848
894
868
941
865
923
914
955
851
945
942
931
989
1085
1167
1194
1259
1304
1446
1431
1411
1447
1362
1397
1393
1383
1452
1457
1508
1502
1532
1574
1722
1672
1701
1901
1920
1807
1883
2172
2180
2014
1944
1933
2100
2273
2213
2330
2318
2240
2419
2668
2695
2778
2706
2977
3072
3298
3254
3298
3547
3711
3880
3610
3305
2889
3051
2926
2437
1961
1732
1633
1633
1624
1640
1783
1838
1748
1872
1920
1987
2103
1985
2166
2224
2173
2200
2217
2333
2322
2280
2316
2225
2126
2145
2131
2051
2176
2131
2263
2277
2262
2134
2189
2151
2014
1734
1740
1747
1724
1718
1764
1626
1568
1575
1482
1499
1283
1256
1041
1002
957
840
770
631
602
500
414
390
339
300
257
251
292
261
292
272
272
304
281
315
340
325
298
252
251
169
643
0
0
0
0
0
0
0
0
0
0
0
0
0
0
0
0
1
6
62
242
649
1174
1265
1460
1485
1388
1274
1153
1086
1127
1844
2657
3616
4862
5415
5884
6331
5622
4757
3440
3061
2705
1818
1737
1684
1848
1837
1629
1837
1980
1874
1885
1933
1916
2034
1912
1708
1827
1753
1971
1923
2139
2289
2623
3149
3518
3890
4563
5430
5974
6783
7772
7959
8516
9165
9050
8753
7808
7445
7267
7121
6880
7133
6350
6236
5772
4746
4400
4595
4210
4206
4107
3791
3921
3624
3529
3523
3599
3511
3036
2602
2604
2674
2410
2738
2725
2426
2225
2252
2240
2011
1792
1529
1395
1415
1338
1332
1270
1312
1191
1200
1140
1195
1151
1172
960
922
971
1044
1192
1017
845
816
823
756
671
453
419
365
369
328
255
211
260
262
221
254
218
216
242
203
249
183
234
196
166
148
118
124
108
34
26
12
13
6
11
10
9
11
8
12
13
9
10
14
7
7
9
14
8
10
7
9
8
9
12
9
13
8
10
13
16
12
12
12
10
9
8
10
11
5
10
12
11
6
13
17
17
14
17
7
10
9
6
12
15
9
7
4
17
5
12
14
16
16
16
12
16
15
13
19
28
31
22
21
26
38
43
49
50
66
77
96
126
176
193
255
306
342
358
371
338
258
212
167
687
402
180
191
189
172
168
133
130
119
180
578
1263
1989
1887
2022
1712
1576
1715
2044
2937
3643
4194
5024
5386
5659
5680
5384
4751
4248
3510
2635
2692
2649
2484
2387
2556
2894
2939
3632
3815
4265
4835
5011
5469
5546
6178
7245
8350
9213
9248
8897
9347
9485
8990
8392
7336
6550
6044
5686
5531
5213
5449
5490
5438
5466
5470
5658
5507
5804
5327
4716
4444
4516
4231
3878
3780
3326
3197
3076
2895
2832
2176
2087
1916
1940
1946
1945
1904
1626
1653
1533
1372
1261
1152
991
823
736
686
636
549
425
367
327
276
252
320
362
278
203
194
212
229
208
193
199
195
183
184
186
175
191
178
158
162
194
184
153
179
159
170
128
107
123
87
58
69
32
28
13
10
7
10
11
3
12
14
4
7
8
7
7
9
11
3
9
10
8
8
7
7
6
11
7
11
7
10
6
11
8
7
13
7
9
15
17
9
7
8
9
9
12
7
11
7
20
11
13
6
15
9
16
9
7
9
7
8
11
8
7
10
8
20
16
13
5
13
14
13
13
15
15
19
14
21
28
15
26
22
16
24
17
22
20
19
35
28
25
26
27
18
27
27
38
40
42
42
60
61
74
67
103
104
121
156
199
233
282
284
328
357
356
308
207
138
90
146
301
849
1548
1748
2172
2171
2951
3938
4314
4692
3872
3510
3186
2933
2985
2970
2950
3149
3258
3668
4181
4564
5086
5847
5736
5393
5881
5642
6417
7078
7544
7850
7426
6887
6018
5194
4712
4197
3397
3201
2893
2817
2954
2997
3120
3031
3096
3355
3345
3446
4258
4066
3779
3770
3671
3945
3976
3669
3296
2860
2942
2917
3202
3060
2947
2892
2948
3035
2759
2753
2460
2648
2375
2427
2099
2043
1853
1768
1689
1627
1469
1340
1263
1034
1002
1091
962
978
1061
1031
984
977
907
859
795
799
763
691
717
705
685
716
713
685
709
710
712
719
693
714
752
700
669
665
591
636
588
621
580
576
614
519
512
492
469
467
455
475
466
533
497
460
443
427
433
391
420
362
349
353
358
415
425
417
402
442
382
418
407
442
397
371
382
470
454
390
459
452
436
475
436
471
529
568
505
525
467
456
441
460
406
419
410
478
455
524
512
537
460
458
395
429
489
519
455
499
487
533
477
441
429
501
475
489
474
431
448
399
376
459
424
420
475
473
453
486
496
472
511
431
412
411
399
351
407
360
350
400
422
408
512
459
323
258
137
72
45
31
24
30
33
26
48
40
38
55
62
59
65
89
99
109
157
153
194
232
248
291
299
371
330
305
247
215
209
627
25
12
21
22
60
96
127
179
235
296
371
497
510
605
687
773
887
1008
1105
1159
1197
1182
1155
1217
1285
1436
1436
1463
1420
1479
1491
1540
1553
1636
1735
1810
1803
1798
1676
1856
1784
1829
1837
2031
2082
2008
2048
2140
2100
2218
2429
2471
2518
2496
2527
2474
2295
2066
1990
1880
1967
1956
2103
2121
2066
2046
2156
2512
2847
3186
3302
3923
3837
3882
4416
4931
4941
4574
4017
4150
4304
4107
4114
4356
4220
4790
4705
4407
4050
4209
4582
4238
4637
4736
4475
4459
4354
4066
3825
3914
4168
4029
3956
3881
3841
3395
3739
3546
3343
3266
2852
2721
2234
2051
1981
1963
2036
2206
2258
2295
2573
2574
2726
2734
2505
2438
2529
2362
2077
2022
1892
1802
1699
1556
1516
1416
1309
1210
1065
1064
925
868
874
837
890
796
873
924
876
809
698
738
719
709
724
743
709
707
725
738
682
647
667
592
567
511
508
455
437
446
428
413
385
361
337
302
265
282
246
194
199
166
162
165
158
158
158
182
165
190
210
198
243
232
209
244
256
215
243
222
209
229
220
222
220
207
188
162
175
159
176
165
181
182
153
134
157
173
144
162
171
166
184
160
145
148
164
146
163
151
156
144
185
152
151
150
165
155
160
178
200
190
174
216
210
237
247
273
288
333
444
377
221
185
160
846
3380
2107
2398
2500
2743
3159
3562
3627
3654
3566
3449
3405
3597
3727
3866
4010
4294
4507
4875
4969
4665
4383
4208
3703
3393
3255
3057
2844
2668
2539
2304
2192
2073
1806
1691
1555
1502
1448
1513
1600
1629
1603
1630
1938
2007
2158
2397
2637
3198
3546
4182
4463
5030
5722
5669
5351
5508
5462
5405
5614
5608
5515
4876
4908
4187
4614
4838
4784
5024
4304
4124
3893
3707
3850
3725
3869
3852
3491
3349
3202
2838
2113
1663
1254
1077
898
864
871
839
838
801
787
796
785
854
787
859
966
911
913
894
957
991
1135
1110
1284
1319
1256
1359
1412
1449
1402
1470
1427
1351
1357
1173
1179
1112
1020
926
818
756
715
754
679
639
652
606
578
563
568
540
479
550
511
523
520
527
504
506
544
481
442
419
432
399
415
383
402
388
402
415
397
418
354
446
445
476
442
447
417
406
446
436
448
405
450
414
453
434
412
443
427
436
475
445
463
438
420
392
323
287
223
177
201
189
218
182
179
165
181
192
157
166
159
149
163
160
156
173
160
162
151
164
165
159
141
159
141
132
165
153
154
139
138
137
132
136
128
130
122
144
130
110
107
115
114
120
120
128
129
117
96
116
109
92
109
87
94
117
100
106
118
103
129
162
172
199
254
380
238
79
61
38
56
15178
8217
7637
6554
5235
4608
3886
3536
3082
2741
2439
2062
1973
1883
1795
1749
1728
1829
1949
1965
1948
1894
1894
1973
2164
2102
2286
2392
2385
2439
2693
2927
2937
3037
3406
3541
4129
4236
4701
4451
4206
3890
3736
3752
3818
3692
3487
3178
2924
3162
3152
3049
3315
3211
3369
3556
3273
3349
3247
3482
4022
4085
4425
3777
3600
2802
2454
2621
2654
2480
2277
2230
1977
1991
1864
1921
2051
1886
1832
1654
1639
1589
1529
1493
1472
1459
1353
1281
1259
1220
1295
1353
1260
1216
1213
1095
1094
1073
1037
1052
989
1006
990
955
981
1028
952
987
968
989
974
979
946
912
887
906
868
805
819
772
859
796
764
793
788
838
826
798
800
798
794
779
810
748
727
807
807
829
826
832
832
786
788
820
822
806
813
811
841
808
818
749
802
718
734
762
707
754
688
717
674
624
699
651
619
650
681
692
641
642
608
642
666
667
627
700
674
635
611
597
651
603
581
629
538
522
579
537
544
567
544
571
561
523
503
532
513
504
483
479
450
422
427
404
397
386
447
421
391
364
375
379
367
337
322
349
454
341
347
304
325
274
303
261
293
347
204
230
164
168
173
146
112
63
74
60
66
81
70
51
80
66
87
87
87
96
111
125
154
188
320
203
123
77
31
102
175
32
33
45
62
88
129
197
216
265
376
492
556
739
912
1096
1196
1439
1503
1525
1480
1582
1622
1672
1625
1789
1918
1960
1969
2117
1976
1883
1857
1935
1886
2017
2035
2149
2439
2435
2664
2909
3174
3062
3440
3563
3603
3788
3858
3896
4056
4052
3990
4132
4334
4320
4181
4091
4038
3942
3772
3702
3458
3417
3302
3207
3194
3064
3048
3026
3040
3070
3016
2800
2787
2624
2684
2541
2569
2560
2438
2444
2417
2397
2257
2285
2265
2170
2208
2155
2165
2049
2177
2103
1990
1928
1838
1815
1825
1687
1508
1507
1420
1358
1326
1290
1237
1197
1151
1106
1041
1107
1074
1081
1000
1017
938
971
959
975
917
1013
994
970
1075
1058
1054
1047
1080
1070
1127
1148
1175
1178
1128
1117
1110
1071
1051
1037
930
937
954
884
899
895
903
772
834
796
789
748
788
756
721
693
691
648
680
668
642
695
679
715
733
690
712
752
698
735
708
692
681
604
624
609
575
583
557
523
563
558
532
565
530
552
506
501
424
484
448
468
438
457
418
450
462
505
515
525
523
496
597
625
650
689
734
762
853
847
911
902
904
948
910
901
976
1003
924
993
918
910
939
964
962
997
1026
986
1051
1098
1060
1059
1056
1061
1137
1287
1308
1336
1341
1286
1317
1286
1259
1296
1220
1226
1111
1179
1234
1221
1251
1179
1147
1059
975
4696
5437
3766
3703
3861
4344
4547
4936
4838
4519
4423
4211
3969
4036
3924
4121
4424
4567
4910
5129
5122
5269
5492
5696
5880
5891
5642
5406
5119
4990
4573
4195
3829
3584
3441
3100
2890
2654
2674
2378
2360
2178
2134
2039
2013
1966
1919
1954
1855
1858
1853
1636
1658
1618
1650
1588
1546
1529
1415
1410
1294
1380
1317
1333
1286
1264
1275
1192
1140
1160
1010
1067
1018
1062
1075
1123
1190
1167
1092
1144
1183
1319
1403
1231
1223
1100
1029
1102
1015
983
1117
1033
990
965
1000
984
930
992
988
963
951
940
904
911
870
809
864
757
790
798
828
810
879
846
830
914
838
876
927
983
953
992
1019
1043
1034
993
1052
994
1026
1011
971
916
955
976
957
905
845
866
837
809
824
813
775
845
801
810
820
773
877
799
805
773
769
805
778
801
754
772
720
740
779
743
754
762
793
848
830
835
876
815
901
882
827
879
802
846
828
863
854
825
830
855
898
871
892
932
933
1001
1048
968
998
1030
1012
987
985
927
916
858
843
864
863
837
780
780
830
774
844
888
942
868
878
842
835
869
899
872
847
816
790
757
698
694
660
711
681
666
570
614
586
539
533
522
489
479
414
390
367
317
305
299
273
277
267
254
236
241
238
245
262
341
415
473
435
295
185
119
140
38398
19891
19908
17330
14026
10772
8318
6860
5490
4452
3647
3117
2649
2406
2030
1842
1702
1596
1483
1540
1465
1338
1267
1329
1299
1241
1251
1155
1211
1138
1089
999
993
971
914
996
965
988
943
956
957
993
969
972
972
1025
1018
1105
1143
1212
1251
1259
1344
1226
1331
1358
1265
1359
1293
1311
1183
1197
1210
1250
1229
1241
1320
1326
1389
1370
1447
1504
1455
1485
1436
1472
1412
1407
1388
1379
1268
1296
1341
1322
1318
1273
1290
1338
1301
1321
1414
1363
1315
1264
1258
1227
1169
1153
1195
1132
1103
1129
1037
1029
1094
1038
971
976
942
1026
955
946
985
930
1038
953
977
939
1009
975
984
953
993
1077
994
995
1050
1105
1040
1014
997
1050
1003
1065
1005
984
1081
1073
1035
984
925
998
938
968
936
914
949
894
892
945
933
878
914
979
912
921
1009
932
919
868
869
846
821
827
819
855
861
862
843
865
824
855
863
804
821
792
810
804
785
771
738
746
679
762
750
741
759
715
714
637
686
716
656
631
636
634
563
558
562
526
550
514
534
505
450
501
485
485
432
463
432
448
437
381
383
423
365
372
393
340
311
308
273
294
282
263
253
244
240
206
228
186
210
164
187
168
143
139
160
144
145
140
181
173
195
188
219
248
233
285
402
363
305
174
195
480
57
26
24
25
37
35
60
96
124
132
163
200
206
232
269
373
379
437
473
471
563
589
600
628
679
697
788
856
922
1068
1055
1214
1205
1289
1333
1416
1578
1671
1921
1899
1928
1951
2055
2203
2060
2265
2396
2442
2434
2446
2258
2329
2320
2293
2188
2266
2191
2079
1931
1705
1823
1763
1547
1424
1526
1463
1739
2008
2144
2608
2305
2549
2829
3462
4325
4555
4085
4084
4243
4534
5249
6038
6165
6622
6308
5968
5833
5706
6391
7381
6622
6719
6951
6531
6696
6803
7010
6595
6931
6840
6732
6879
5962
4914
4123
3622
3177
2694
2209
1856
1554
1310
1049
893
813
690
633
531
536
532
421
454
461
471
448
422
464
469
460
489
452
412
447
423
417
378
399
433
360
421
429
403
410
412
459
421
413
437
468
452
433
412
411
431
412
457
423
436
400
427
379
414
373
348
345
329
376
388
389
371
372
324
325
329
315
297
337
310
312
349
300
298
325
311
356
309
326
316
321
324
339
306
307
322
330
381
327
347
405
400
369
414
413
458
446
451
447
456
520
511
484
519
503
495
531
497
572
527
532
538
606
590
581
607
635
637
608
678
696
645
636
633
664
620
656
644
712
703
712
737
750
727
791
847
865
840
888
937
875
876
810
789
685
626
548
2342
3321
1926
1806
1756
1734
1801
1893
1968
2167
2130
2475
2510
2863
3014
3108
3146
3269
3642
3678
3647
3638
3783
3548
3451
3243
3081
2923
2875
2800
2793
2725
2531
2167
1948
1703
1639
1385
1296
1288
1336
1301
1279
1331
1293
1296
1307
1163
1198
1106
1107
949
943
1195
1493
2118
2386
2576
2625
2787
3231
3339
4537
5041
4820
4950
4530
4784
5039
4754
5040
5305
5265
5039
4850
4814
5257
4566
4073
4301
5084
5366
5642
5441
5941
6546
7220
6636
6410
5940
5269
4446
3433
2300
1493
1040
809
584
501
473
488
452
423
440
397
403
364
364
354
408
394
424
410
439
457
409
455
419
401
431
431
411
417
454
426
478
487
470
467
425
461
396
385
461
458
437
427
415
332
382
339
323
314
308
360
376
339
329
334
334
319
348
339
371
357
337
386
376
340
373
346
390
377
374
415
408
416
407
397
362
410
406
412
446
403
449
447
433
462
492
491
506
509
503
533
522
520
486
494
498
537
493
523
548
477
511
548
538
503
526
524
538
528
538
489
528
496
484
476
495
443
480
464
427
450
436
420
417
420
402
397
430
413
408
413
409
414
419
372
395
380
370
352
320
376
378
357
333
349
371
384
408
449
500
491
534
544
529
591
611
610
475
383
278
211
123
199
20320
11473
10266
8041
5942
4478
3486
2829
2273
1903
1651
1466
1230
1215
1145
1053
1001
896
835
779
749
760
699
679
631
627
654
645
603
578
584
544
540
536
554
563
530
520
541
514
557
614
676
731
723
634
681
905
1243
1608
1709
1645
1745
1868
2443
2252
2916
3057
3023
3577
3489
3357
3486
3092
3171
3329
2786
2977
2687
2599
2877
2823
3300
3233
3212
3254
3526
3623
3573
2711
2698
3002
3129
3304
3315
3418
2942
3031
3069
2987
3270
3650
3875
4371
4287
4518
4978
5359
5737
5961
4948
4612
3754
3654
3204
3196
2671
2005
1570
1337
1271
1123
864
651
537
490
481
502
518
553
519
538
576
548
530
539
644
572
600
564
603
619
586
620
592
616
560
599
584
630
685
666
677
730
704
691
682
687
681
706
758
739
761
818
858
864
850
860
814
761
738
779
809
727
739
659
733
648
613
607
541
631
501
564
505
465
457
447
440
472
461
442
473
443
427
448
423
389
366
377
388
393
378
385
369
406
370
400
364
383
362
351
367
319
334
331
312
321
331
316
329
321
297
312
322
311
288
310
300
281
320
292
315
302
304
283
307
283
303
260
288
269
313
291
271
296
324
335
322
348
381
412
450
475
503
527
556
560
572
543
529
491
487
399
305
1063
0
0
0
0
0
8
4
12
20
23
18
18
24
34
25
26
35
48
30
49
41
56
72
108
93
116
163
246
560
523
680
1088
1207
1505
1437
1338
1409
1231
1470
1282
1231
1342
1282
1270
1283
1261
1272
1292
1105
1077
1246
1339
1466
1680
1781
2006
2295
2807
3120
3670
3810
4303
4251
4542
4604
4475
4360
3926
4154
4135
4543
4692
4742
4943
5351
5841
6090
6166
5601
5516
5592
5314
5034
4642
4365
3971
4215
4035
4337
4040
3791
3414
3537
3674
3421
3609
3037
3364
3757
4162
3964
4091
3900
3942
4147
4606
4013
3833
4675
4078
3678
3994
4182
4424
3950
4078
3988
3798
3944
3615
3070
3159
2790
1972
1614
1331
944
768
636
597
564
567
514
552
542
530
587
606
579
557
482
467
545
551
714
716
598
643
671
663
649
785
643
435
288
262
272
178
148
139
124
119
122
127
127
119
138
110
129
131
140
169
113
162
154
147
148
135
151
161
197
171
189
197
189
181
152
158
170
151
218
202
225
227
240
245
265
306
293
291
334
356
357
405
379
389
422
470
475
519
552
542
548
587
573
657
628
656
688
641
614
618
577
650
584
573
604
591
581
568
566
536
546
544
540
609
598
597
562
635
602
577
543
394
382
286
319
286
264
271
263
232
216
173
112
272
10016
6015
2649
1756
1546
1344
1187
1152
1034
1025
926
904
933
966
1064
1155
1280
1190
1171
1078
1090
1104
1050
902
933
967
1233
1390
1977
2461
2291
2473
2692
2887
3663
4152
4531
4805
5492
5680
6539
6441
6351
6101
5997
6644
6422
6135
6225
6694
6312
5559
5384
4857
4905
4567
4142
4290
3988
3513
3218
3531
2931
3201
3502
3365
3171
2620
2529
2599
2198
1953
1649
1508
1341
1320
1231
1111
1012
1033
1021
1134
1094
1058
958
1046
1067
1115
1225
1309
1325
1238
1194
1316
1448
1470
1355
1362
1410
1435
1486
1434
1317
1215
1164
1292
1289
1238
1267
1232
1313
1654
1623
1548
1492
1454
1350
1277
1195
991
957
934
980
891
924
932
910
800
802
868
841
820
808
847
770
709
625
649
664
711
705
726
668
638
603
595
611
606
651
642
648
711
769
799
766
759
837
773
754
799
823
899
911
908
880
890
929
960
854
892
993
901
965
977
880
880
967
830
812
785
903
984
1004
913
798
714
648
567
568
584
537
621
556
548
560
526
503
483
455
506
529
556
502
488
478
462
513
499
472
482
451
522
472
519
543
454
474
422
405
362
392
348
337
315
284
266
206
197
173
158
154
147
150
153
153
126
117
124
142
142
119
72
67
49
43
33
53
38
42
29
18
21
16
34
28
33
34176
32847
19850
7355
3496
2245
1643
1352
1195
1193
1113
1110
1021
1063
1110
1049
1091
1033
1074
1194
1329
1266
1358
1413
1309
1342
1424
1364
1238
1085
1283
1156
1067
1093
1153
1199
1113
1062
985
874
947
906
977
903
904
966
899
818
815
785
902
856
874
911
884
986
1015
952
958
1016
945
958
992
888
842
799
841
820
866
933
900
1026
970
1214
1095
1101
1156
1223
1242
1144
1151
1221
1280
1250
1241
1247
1327
1238
1305
1416
1459
1585
1597
1627
1634
1723
1844
1685
1725
1806
1745
1733
1858
1841
1921
2008
1882
1951
2047
2093
1979
2074
2076
2364
2466
2619
2191
1922
1836
1790
1606
1642
1586
1222
1583
1563
1383
1198
1326
1360
1358
1163
1242
1162
1058
1224
1098
1227
1099
1120
1122
1049
1012
968
904
972
987
1112
1075
1097
1137
1076
1113
1177
1103
1159
1228
1270
1270
1267
1372
1406
1437
1368
1359
1425
1480
1436
1457
1398
1503
1536
1535
1557
1572
1496
1438
1435
1393
1348
1363
1294
1218
1242
1212
1241
1142
1145
1196
1049
1085
1034
1008
1020
877
1013
1006
871
910
906
884
916
836
782
773
857
871
852
906
813
813
810
796
845
759
769
825
779
701
628
598
542
663
701
673
703
661
585
470
450
519
426
439
574
393
376
274
302
110
35
30
26
23
20
14
16
26
26
20
26
16
14
6
16
34
32
0
0
0
0
0
0
0
1
0
5
8
4
16
22
28
28
41
65
88
129
183
218
274
322
387
430
448
514
507
496
491
503
514
486
554
554
579
521
540
486
496
481
465
506
526
564
517
606
627
695
697
745
806
852
1004
1022
949
1023
1046
1139
1139
1122
1167
1163
1138
1083
1156
1019
1035
1043
1042
1045
1095
1110
1107
1154
1228
1173
1176
1140
1090
1138
1098
1168
1146
1196
1119
1159
1151
1119
1059
1092
1130
1075
1076
1104
1130
1190
1110
1142
1162
1165
1167
1215
1161
1152
1152
1137
1100
1054
1030
976
863
820
819
798
772
777
731
756
697
702
694
678
595
690
707
623
615
647
623
636
624
585
683
646
647
647
667
733
694
664
674
748
742
737
782
803
835
851
819
787
837
774
858
826
833
888
851
845
846
814
778
809
819
775
835
791
877
792
851
808
785
797
804
822
820
739
727
761
693
692
741
730
780
730
675
719
698
674
695
712
757
735
790
755
774
782
812
795
795
862
857
1022
944
950
1051
1105
1031
1180
1210
1218
1243
1347
1443
1479
1511
1593
1585
1664
1868
1812
1933
2077
2147
2307
2313
2386
2546
2537
2724
2866
3140
3268
3560
3909
4215
4421
5005
5328
6005
6519
6962
7402
8378
9187
11185
13334
13049
12542
14693
11110
6744
4334
3101
5849
3560
2598
2092
1438
1147
967
931
910
947
1067
1179
1172
1253
1073
984
901
795
841
846
827
762
785
769
868
803
930
900
895
936
869
846
802
824
822
801
760
717
632
684
627
609
590
625
562
575
552
583
591
673
603
621
646
621
633
604
540
594
554
581
586
638
642
640
618
627
653
708
699
811
772
737
689
717
719
720
806
734
770
766
739
681
712
689
705
700
705
696
782
713
773
797
784
841
820
836
875
894
977
998
1065
1093
1122
1073
1128
1070
1083
1074
979
990
938
1004
924
920
879
896
925
889
866
913
886
942
934
898
858
898
909
930
875
937
988
936
981
959
887
887
896
816
861
815
823
847
813
879
904
881
911
840
871
836
816
840
823
854
831
869
823
833
814
875
901
862
860
864
908
867
951
873
915
911
892
964
946
1014
998
1036
1017
1075
1050
1143
1156
1242
1215
1296
1361
1325
1484
1420
1400
1415
1475
1494
1561
1591
1627
1707
1649
1594
1748
1671
1798
1810
1823
1938
2029
2091
2171
2214
2295
2458
2595
2659
2895
2925
2971
3095
3358
3364
3508
3409
3392
3483
3179
3034
2878
2914
3006
3061
3168
3082
3391
3356
3394
3273
3152
3076
2925
2881
2920
2877
2866
2824
2846
2877
2982
3431
3944
5852
8278
7961
7982
10332
7048
2899
911
320
192
8708
4626
4873
4606
3736
2874
2368
1872
1578
1309
1177
1073
932
875
840
787
728
791
794
812
791
811
767
831
890
905
980
951
1038
1037
1028
1033
1042
1034
992
924
983
870
753
702
672
678
642
551
578
548
539
547
527
480
496
471
470
509
462
447
467
470
486
498
469
456
442
489
479
435
481
503
531
534
522
558
573
528
564
569
603
626
655
619
573
656
652
633
670
660
695
734
751
745
746
716
736
744
778
757
794
739
821
767
790
791
766
774
757
778
762
749
762
762
782
817
840
818
786
770
743
770
769
727
725
718
715
728
724
693
674
679
728
734
737
747
814
756
785
823
876
857
915
880
905
935
896
949
985
1016
1096
1072
1172
1091
1223
1286
1229
1252
1325
1330
1442
1362
1434
1479
1490
1497
1452
1486
1503
1500
1483
1519
1608
1575
1558
1563
1577
1645
1576
1672
1583
1617
1617
1678
1731
1692
1737
1749
1842
1894
1849
2054
2025
2270
2317
2335
2376
2386
2365
2446
2427
2525
2554
2573
2464
2471
2462
2440
2442
2456
2611
2602
2802
2822
2677
2657
2687
2577
2565
2426
2154
2103
2051
2024
1916
1804
1883
1856
1837
1758
1615
1714
1636
1695
1743
1698
1519
1484
1518
1479
1517
1474
1597
1569
1701
1840
1935
2350
2657
3250
5426
7705
7290
7211
9752
6877
2870
1045
421
421
5
4
1
5
10
9
17
31
48
57
52
60
97
114
155
162
209
249
380
735
1488
1776
2105
3207
3895
7195
5386
5071
7347
4984
2862
2160
2014
989
704
657
655
665
661
635
656
648
702
617
631
665
697
760
875
1096
1342
1608
1884
2058
2437
2260
2374
2638
3049
3702
4058
4192
4490
4783
4878
4916
4779
4825
4908
4998
4689
4523
4595
4732
4600
4648
4715
4879
5181
5485
5136
4918
5081
4910
4977
5307
5617
5782
5721
5703
5537
5668
5506
5701
5592
5485
4915
4461
4453
4164
3829
3223
3321
3198
2921
2756
2721
2521
2248
1913
1477
1018
840
834
658
586
686
601
601
597
479
485
429
394
383
371
341
373
350
352
396
349
337
347
314
332
323
283
288
273
286
296
297
291
310
303
280
292
276
338
306
309
298
299
259
271
269
252
268
269
293
267
296
227
186
180
189
168
165
156
168
156
151
141
143
134
149
142
155
134
175
131
161
153
141
156
167
141
160
177
182
200
192
167
192
192
191
210
200
187
193
202
184
195
190
183
219
214
211
218
214
239
200
235
195
206
207
208
173
210
229
233
234
218
252
254
276
281
324
340
406
447
538
564
582
616
608
710
825
779
912
915
960
991
1083
1197
1334
2079
2334
1332
844
664
540
381
321
1110
1762
1068
1094
1064
1106
1060
1199
1412
1873
2580
3437
4649
5745
8124
9591
9467
6349
3234
2654
1724
1558
1698
1750
1802
2032
2071
2288
2484
2749
2842
3105
3240
3793
4587
5384
5721
5439
5107
5128
5292
5206
4834
4749
4486
4396
4154
4038
3776
3973
3890
3538
3542
3186
3158
2864
2923
2866
2798
2705
2437
2638
2602
2649
2924
3131
3622
4006
3920
4280
4299
4285
3873
3818
3805
3680
3907
4162
4294
3747
3398
2850
2318
1640
1297
1090
870
781
656
619
651
679
618
605
661
581
631
620
544
515
609
595
540
547
558
591
608
624
597
586
608
704
699
785
784
814
911
902
894
912
902
881
927
969
970
991
842
854
959
1232
1542
1423
1238
1022
718
480
513
414
354
324
283
285
269
309
227
265
275
248
235
231
263
265
270
252
281
318
279
328
321
313
347
324
305
315
331
328
308
310
318
332
335
326
299
269
263
225
228
246
248
236
263
223
200
199
222
226
193
176
172
168
178
169
194
150
185
210
224
233
263
254
252
268
278
274
275
289
328
313
348
360
443
468
421
486
507
515
529
521
548
577
573
539
492
522
513
481
435
413
402
433
409
401
403
412
388
370
332
317
351
311
283
290
320
348
366
431
514
624
1614
1915
731
270
130
70
45
18
16
26600
22793
11948
6099
4002
3217
2421
2147
1948
2066
2188
2355
2440
2418
2530
2963
3003
3279
3073
2857
2372
2204
2094
2257
2215
2146
2228
2293
2602
2800
2695
2688
2665
2573
2211
2142
2140
2250
2139
2477
2826
2867
2745
2755
2661
2624
2424
2453
2332
2189
2327
2354
2082
2176
2128
1912
2056
1999
2060
1932
1993
2107
2420
2565
2635
2608
3167
3437
3503
3667
3274
3068
2785
2395
2147
2129
1945
1605
1461
1172
1256
1196
1195
1166
1208
1101
1071
1032
952
972
1008
993
964
1045
998
1003
1004
1030
1046
1108
1113
1081
1095
1076
1128
1114
1057
1054
958
946
950
926
1012
898
911
934
934
886
881
869
923
842
835
838
891
773
793
755
685
725
769
732
754
734
699
705
711
743
766
723
667
737
676
697
714
627
641
636
654
641
710
748
765
754
740
726
786
765
872
807
792
877
945
974
993
1026
1004
982
1164
1155
1174
1348
1198
1185
1071
998
869
737
644
587
535
477
421
391
391
426
371
357
353
356
333
297
320
325
321
286
312
344
321
352
334
412
390
398
402
415
391
404
441
414
377
422
411
435
403
394
348
330
339
330
281
309
296
301
309
300
285
262
301
244
283
266
218
226
240
234
221
241
224
250
244
306
273
323
366
444
571
1525
1925
791
312
166
126
95
73
378
