392
105
109
145
208
282
389
613
743
931
1184
1539
1735
2149
2562
3010
3394
3963
4461
5212
6551
7618
8209
9733
10598
14158
12588
12529
15085
13082
11660
12521
13747
14470
14963
15747
16370
15685
15632
14563
15182
16270
16838
17247
17841
18884
18242
18247
18152
17790
18455
18696
19133
19969
21151
21427
20744
20977
21252
22102
22825
23138
23213
23934
25152
25172
25978
27422
30066
31670
32501
34064
34786
35852
38049
39224
38319
36388
35538
35936
36414
36159
36323
35785
35143
34857
34528
33979
34966
34724
33502
32462
33338
33012
32167
32400
31092
30131
30391
29619
28834
29460
28742
27687
26532
26092
25035
22936
23135
21165
19187
18483
17106
17231
16297
16105
16279
15811
15705
15605
15238
15050
14974
14337
13833
13188
13457
13066
12085
12033
11279
10779
10497
10547
10340
10146
9815
9636
9102
9390
8817
8741
8383
8008
7971
7525
7586
7376
7229
7039
7034
7254
7200
6725
6275
6405
6410
6357
6007
5927
5863
5864
5754
5709
5656
5751
6262
5809
5579
5704
5830
5564
5421
5317
5096
4818
4804
4844
4552
4273
4417
3877
3806
3653
3673
3448
3140
2804
2556
2509
2479
2452
2538
2448
2505
2559
2554
2644
2724
2670
2668
2827
2840
3146
3091
3131
3316
3442
3517
3709
3817
3880
3858
4117
4128
4208
4358
4438
4312
4500
4675
4618
4730
4961
5017
5232
5286
5351
5670
5644
5878
6022
6460
6523
6972
7566
8002
8318
9056
9422
10287
10752
11293
11786
12910
13793
15981
19120
19167
17768
19515
15467
10571
7579
5931
18131
28618
18080
14466
13255
13569
13979
14862
15126
15397
16072
17505
19218
21791
24068
26304
26311
23768
21713
22025
22044
22353
23422
24158
24372
24592
24644
25334
25108
25425
25468
24088
23759
23589
23180
23016
23510
23396
23384
25086
25783
26773
26728
27013
27367
27858
29182
30319
30751
32680
33634
32585
32407
32578
33043
32390
31235
30100
29903
29141
28704
28462
29865
28795
29378
30035
30775
31328
30599
32263
31289
30519
29267
28113
26731
25570
26101
24440
23227
22532
22228
21506
19972
18567
18215
18625
19763
19297
18826
18439
18431
16852
14766
13267
12341
11786
11286
10890
11324
10803
11159
10491
9818
9261
8938
8616
8824
8499
8001
7976
7844
8045
8304
8353
8177
8208
8237
7901
7946
8019
7585
7618
7656
7768
7465
7679
7608
7580
7584
7731
8202
7939
7823
7709
7222
6863
7159
6982
6966
6867
6827
6719
6954
7138
7002
6989
7139
6980
7124
7188
7172
7237
7258
7731
7718
7749
7453
7816
7583
7790
7806
7636
7844
7966
8161
8149
7816
7350
7146
6537
6119
5820
5376
5362
5228
5134
5174
5182
5168
5142
4997
5244
5204
5129
5153
4963
4951
4778
4722
4625
4723
4656
4784
4746
4661
4717
4676
4467
4542
4470
4585
4621
4599
4584
4650
4693
4846
4966
5055
5139
5348
5379
5643
5613
5789
5929
6040
6026
6166
6022
5907
5997
5604
5533
5286
5273
5205
5270
5291
5222
5499
5431
5429
5226
5030
4955
4674
4550
4674
4622
4576
4606
4660
4768
4883
5463
6081
8214
11697
11891
10815
12736
8940
4096
1792
862
957
148693
102423
77799
53324
40053
31687
26370
23816
21242
19979
17799
16490
15444
15262
14995
15351
15439
15714
15845
16155
16327
16157
16253
17420
17126
16906
18624
18688
20011
20793
21862
21946
21532
20647
19341
18618
19182
18743
18402
18565
18121
18362
18539
18743
19134
19641
19198
20165
19666
20784
22509
23356
22826
22233
23251
23592
23642
22492
22385
22365
23268
22586
23081
21251
20692
19756
19833
20353
19514
19409
18902
18864
18387
18494
16772
16920
17003
16377
15787
14298
14028
14553
14521
14119
14112
14136
13382
13363
13021
13134
13705
14311
14502
14834
14421
14709
15104
14998
15080
14986
13410
12720
11647
11388
11130
11190
10268
9596
9120
9105
8938
8905
8645
8571
8538
8663
7990
7755
7736
7598
7675
7498
7525
7334
7659
7624
7693
7440
7490
7613
7483
7335
7451
7261
7128
7432
7454
7615
7532
7482
7598
7668
7543
7818
7791
7682
7826
8126
8187
8108
8255
8137
8448
8872
8690
8766
9037
8899
9030
9158
9251
9458
9485
9698
9676
9997
10009
9929
10368
10467
10549
10659
10104
9839
9738
9620
8837
8221
7738
7578
7545
7355
7272
7569
7510
7566
7537
7702
7723
7850
7817
8054
8047
7993
7815
8043
8054
8007
7937
8084
7789
7761
7727
7588
7424
7747
7907
7998
8242
8072
7728
7847
7785
7458
7102
6984
6780
6596
6496
6281
6121
5791
5835
5639
5512
5176
4786
4570
4292
4175
4259
3933
3669
3584
3354
3194
3137
3098
2958
2854
3054
3302
3478
3984
4398
5159
7567
10886
10921
9875
12088
8790
4495
2324
1488
3996
